1 0,1 0,1 1,1 1,10 10,10 10,10 10,11 3,11 3,11 3,12 18,4 26,4 26,4 26,20 1,20 1,20 18,30 11,30 11,30 11,31 11,119 1,119 1,130 11,121 0,121 0,121 11,121 11,195 26,195 26
58 7,58 7,58 7,58 7,66 18,66 18,66 18,67 22,67 22,67 22,90 22,90 22,90 22,90 22,20 26,20 26,20 26,31 4,37 21,43 3,151 4,152 20,153 16,130 11,123 26,123 26,123 26,123 26,195 26,195 26
58 0,58 0,58 5,58 5,10 5,10 5,10 26,11 6,11 6,11 26,12 24,12 24,12 26,13 12,13 13,13 14,53 6,75 7,129 24,129 24,118 26,118 26,118 26,118 26,30 24,31 24,32 24,195 26,195 26,195 26
14 0,14 0,17 1,17 1,21 3,21 3,21 3,24 3,24 3,24 3,54 18,54 18,54 18,54 18,84 7,84 7,84 7,84 7,31 16,32 4,33 5,34 13,35 21,36 22,124 3,124 3,195 26,219 17,222 6,223 6
2 7,2 7,2 8,2 9,45 6,45 6,45 6,66 0,66 0,66 26,75 25,84 7,54 5,160 26,160 26,30 24,31 24,32 24,32 11,32 17,33 5,34 0,35 4,36 22,38 2,130 26,130 26,219 17,232 5,237 1
1 0,1 1,1 1,1 2,4 26,4 26,4 26,4 26,14 26,14 26,14 26,14 26,17 26,17 26,17 26,17 26,66 0,66 12,66 15,66 26,69 2,69 4,69 6,69 26,122 5,122 7,122 12,124 3,219 17,222 6
20 26,20 26,21 7,21 7,21 7,21 7,24 15,24 15,24 15,24 15,64 19,64 19,120 26,120 26,120 26,120 26,121 26,122 26,123 26,124 26,129 26,129 26,130 4,130 4,159 26,131 8,131 8,131 8,195 26,199 26
30 24,30 24,30 24,30 24,31 11,31 11,31 11,31 11,129 26,129 26,130 26,21 19,24 15,42 17,44 3,47 2,53 25,54 16,58 0,64 6,66 12,69 5,75 7,84 9,93 1,143 26,144 26,195 26,232 5,242 1
66 0,66 0,133 2,133 2,133 2,84 5,84 5,84 5,65 19,65 19,72 18,72 18,72 18,93 9,93 9,93 9,54 16,179 19,180 6,181 26,182 1,196 26,197 26,198 26,199 26,232 5,242 1,237 1,257 5,252 15
4 26,4 26,4 26,4 26,47 3,47 3,47 3,47 3,14 4,15 4,16 4,17 9,18 9,19 9,87 18,87 18,87 18,93 9,93 9,93 9,99 10,100 3,141 26,141 26,141 26,142 10,142 22,267 12,268 12,269 12
1 0,1 0,1 0,1 0,10 9,10 9,10 9,10 9,11 3,11 3,11 3,11 3,12 18,12 18,12 18,12 18,4 26,4 26,4 26,4 26,20 1,20 1,20 1,20 1,30 11,30 11,30 11,30 11,31 11,130 11
1 26,1 26,2 26,2 26,17 26,17 26,18 9,19 9,54 5,54 5,54 5,33 5,27 5,55 7,55 7,88 7,88 7,81 7,81 7,195 26,195 26,195 26,195 26,196 26,194 26,194 26,179 26,179 26,215 26,257 5
1 26,1 26,13 26,13 26,14 26,14 26,15 4,16 4,90 26,90 26,90 26,34 0,107 1,61 4,61 4,61 4,133 1,133 2,133 3,119 1,119 1,120 26,195 26,197 26,173 26,173 26,180 26,180 26,216 26,242 1
1 26,1 26,11 26,11 26,84 12,84 12,84 12,78 12,78 12,78 12,75 3,75 3,75 3,36 1,72 3,72 3,72 26,72 26,63 3,63 3,195 26,195 26,195 26,199 26,160 26,160 26,181 26,181 26,218 26,252 15
1 26,1 26,10 26,10 26,66 26,66 26,66 26,101 2,101 2,101 2,96 1,96 1,96 1,35 15,93 1,93 1,93 1,68 2,68 2,195 26,195 26,195 26,195 26,198 26,176 24,176 24,183 26,183 26,217 26,232 5
1 26,1 26,69 26,69 26,118 26,118 26,120 13,120 17,141 17,141 17,59 13,59 13,39 13,39 13,110 17,110 17,154 17,154 17,151 13,154 13,99 13,4 26,4 26,4 26,123 26,125 26,174 26,130 26,205 26,211 26
101 14,101 14,102 18,102 18,50 14,50 14,50 18,50 18,4 26,4 26,4 26,4 26,93 17,93 17,93 17,65 17,65 17,65 17,170 26,170 26,159 26,159 26,160 26,182 26,153 26,153 26,141 26,141 26,213 6,247 3
30 24,30 24,31 24,31 24,32 24,32 24,33 15,34 15,35 15,36 15,37 1,37 1,38 1,39 15,39 15,39 15,40 15,40 15,42 26,42 26,42 26,42 26,192 24,151 24,195 26,195 26,160 26,160 26,202 12,207 15
133 1,133 1,133 2,133 3,108 0,108 0,109 0,109 0,138 26,138 26,140 24,140 24,159 26,159 26,131 24,131 24,170 24,170 24,136 0,136 0,160 26,160 26,195 26,195 26,129 26,129 26,130 26,130 26,203 14,204 0
162 26,162 26,163 26,164 12,64 26,64 26,64 26,64 26,110 4,110 4,110 4,47 4,47 4,47 4,47 4,152 12,152 12,100 26,100 26,159 26,159 26,87 4,87 4,160 26,160 26,195 26,195 26,208 25,267 12,262 3
39 11,39 11,31 11,31 11,32 11,32 11,43 1,37 1,37 1,37 1,192 1,192 1,151 1,118 26,118 26,118 26,118 26,130 26,130 26,194 26,194 26,168 26,195 26,195 26,195 26,173 26,174 26,165 26,211 26,202 12
21 26,21 26,22 26,22 26,27 11,27 11,27 11,28 3,28 3,28 3,99 11,99 11,99 11,100 3,100 3,138 3,159 26,26 26,26 26,18 26,18 26,179 26,179 26,158 26,195 26,195 26,195 26,195 26,205 26,257 5
44 17,44 17,47 4,47 4,47 4,47 4,48 17,48 17,48 17,48 17,141 17,141 17,173 17,174 17,175 17,120 4,120 4,118 26,118 26,138 26,138 26,4 26,4 26,183 26,64 26,64 26,159 26,159 26,213 6,222 6
43 1,67 1,67 1,62 1,64 1,64 1,107 1,107 1,151 1,70 7,70 8,70 9,23 13,23 13,26 13,27 13,27 13,109 13,109 13,102 13,153 13,136 13,120 26,120 26,130 26,130 26,125 26,158 26,194 26,178 26
45 6,45 6,148 6,148 6,82 6,82 6,82 6,55 6,55 6,144 6,144 6,39 15,40 15,207 15,45 22,45 22,107 22,107 22,109 22,109 22,142 22,140 22,181 22,72 26,72 26,78 26,78 26,132 26,169 26,159 26
91 7,91 7,84 7,84 7,88 7,152 7,75 7,75 7,143 7,143 7,13 12,13 13,13 14,91 15,91 15,145 15,145 15,104 15,104 15,101 15,101 15,118 26,118 26,171 26,159 26,194 26,168 26,174 26,178 26,179 26