12
24
36
4
12
18
34
42
60
8
8
8
16
14
22
30
16
24
32
6
12
24
36
33
18
20
60
70
80
10
16
24
20
25
23
18
21
68
43
74
14
30
12
10
26
42
14
30
50
26
35
44
11
15
29
38
47
14
24
34
60
72
84
16
18
8
18
28
72
80
88
22
34
46
46
52
38
45
55
65
35
55
75
15
22
30
28
48
38
14
22
30
14
26
34
40
60
80
32
16
62
70
72
25
33
41
22
30
38
34
40
50
82
75
44
42
35
5
4
7
5
8
14
20
35
50
65
80
10
15
20
16
18
28
38
10
30
10
50
90
9
60
14
14
23
35
47
66
77
88
44
64
30
32
52
72
20
40
8
11
55
28
35
42
60
30
32
26
20
32
38
42
7
25
50
55
43
14
22
20
10
18
26
54
30
34
38
46
50
60
45
68
73
18
4
20
21
23
26
34
77
74
82
90
50
60
65
90
66
72
10
86
58
64
22
18
30
28
10
22
34
15
41
57
63
79
68
76
82
90
98
39
59
69
79
89
38
60
68
76
84
50
62
74
80
86
38
52
64
72
80
60
65
70
75
80
32
52
62
72
82
66
70
74
78
82
40
60
70
80
90
92
50
48
52
55
36
48
60
72
84
68
71
74
77
80
80
82
84
86
88
72
76
80
84
88
82
85
88
91
94
92
99
50
97
98
97
60
55
97
98
99