2
2
3
2
2
2
2
2
4
2
2
2
2
2
2
2
2
2
2
2
2
2
3
3
3
3
2
3
6
2
2
2
3
3
3
3
3
9
2
2
2
2
4
2
2
2
2
3
3
3
4
4
2
2
3
3
4
2
2
3
4
4
4
3
3
2
3
4
2
3
3
2
3
4
2
6
4
2
2
5
4
4
4
2
3
4
3
3
3
2
2
3
3
3
3
2
2
3
3
4
3
4
9
2
2
3
3
3
4
2
3
3
9
9
3
3
3
2
2
2
2
2
2
2
2
3
8
9
2
3
3
3
3
5
5
3
4
2
4
9
2
5
2
2
2
2
3
3
6
9
3
3
4
2
2
9
4
4
2
3
6
4
5
5
7
4
4
6
5
4
2
2
2
4
5
5
2
2
4
4
4
4
4
6
4
4
4
4
6
7
3
9
9
2
3
5
5
5
5
5
9
9
9
9
5
7
4
9
9
9
5
9
4
5
5
5
5
5
5
5
6
5
5
6
7
9
9
9
9
9
9
9
9
9
9
9
5
7
9
9
9
5
8
9
9
9
5
6
9
9
9
9
9
9
9
9
5
6
9
9
9
9
9
9
9
9
5
7
9
9
9
5
5
5
6
6
5
5
9
9
9
9
9
9
9
9
9
9
9
9
9
9
9
9
9
9
9
9
9
9
9
9
9
9
9
9
9
9
9
9
9
5