40
60
80
20
30
40
90
120
150
150
30
30
30
30
60
60
60
40
40
40
50
50
50
50
160
120
140
120
170
220
80
80
80
130
150
130
140
10000
160
100
130
130
240
60
80
100
190
80
100
160
90
130
180
150
20
40
60
80
100
140
40
50
60
50
60
70
100
130
160
80
100
120
230
80
90
100
20
80
110
140
90
110
140
200
260
300
100
200
50
70
90
60
80
100
100
100
100
150
200
160
210
260
120
150
180
30
60
90
100
100
100
30
40
50
100
140
180
100
130
130
90
130
170
90
150
0
10
0
150
300
130
40
40
10
10
10
10
40
80
200
0
0
0
0
0
0
0
0
0
0
0
0
0
0
0
0
0
0
0
0
0
0
0
0
0
0
0
0
10
100
200
3000
0
10000
10000
10000
10000
10000
10000
10000
10000
10000
0
0
0
0
0
0
0
0
100
100
0
0
10
30
30
30
30
20
3000
10000
200
0
30
40
180
250
150
100
0
40
150
100
220
180
160
100
20
30
40
50
70
90
100
120
160
180
200
220
240
50
70
90
120
150
40
50
60
70
80
20
20
20
20
20
120
140
160
180
210
20
30
40
50
60
120
150
180
210
240
70
90
110
130
150
100
130
160
190
250
180
300
240
210
100
140
170
200
240
280
90
110
130
150
170
100
120
140
160
180
30
30
30
30
30
40
45
50
55
60
220
0
0
50
90
100
0
300
500
550
700
