2
5
10
6
12
30
30
40
50
100
2
3
3
6
8
10
10
8
10
10
4
6
8
10
20
30
30
30
40
50
10
20
20
40
40
40
40
75
200
30
50
100
75
3
7
10
50
15
35
60
10
50
60
150
10
30
50
10
40
80
20
60
100
5
15
45
40
75
110
8
15
40
100
40
60
80
70
20
35
50
50
90
150
100
125
175
30
60
15
30
50
20
35
55
50
80
50
70
95
45
75
115
75
100
120
30
50
150
100
100
100
100
150
200
40
80
125
100
120
225
80
100
130
150
100
100
50
50
50
100
60
100
10
2
10
5
20
30
70
30
100
25
25
30
50
60
2
6
10
20
30
40
50
75
40
50
80
40
50
100
100
75
50
75
40
60
90
30
40
80
125
100
50
100
150
120
100
150
120
100
200
300
50
55
50
40
70
50
80
150
75
70
80
40
50
80
80
80
80
100
200
200
150
125
125
200
125
200
150
150
250
125
150
100
150
150
200
200
75
100
150
40
60
90
120
200
100
120
150
180
250
100
120
150
190
250
80
110
150
190
220
120
150
190
230
300
100
130
150
180
220
150
190
220
270
350
75
100
140
180
250
100
140
180
230
275
50
90
140
180
225
300
250
250
300
300
100
140
180
220
250
100
150
190
240
300
90
130
170
200
250
125
180
240
300
350
75
110
160
200
250
300
300
400
500
400
500
500
300
500
500
600
