4 26,4 26,4 26,4 26,47 3,47 3,47 3,47 3,14 4,15 4,16 4,17 9,18 9,19 9,87 18,87 18,87 18,93 9,93 9,93 9,99 10,100 3,141 26,141 26,141 26,142 10,142 22,267 12,268 12,269 12
1 0,1 0,1 0,1 0,10 9,10 9,10 9,10 9,11 3,11 3,11 3,11 3,12 18,12 18,12 18,12 18,4 26,4 26,4 26,4 26,20 1,20 1,20 1,20 1,30 11,30 11,30 11,30 11,31 11,130 11
1 26,1 26,2 26,2 26,17 26,17 26,18 9,19 9,54 5,54 5,54 5,33 5,27 5,55 7,55 7,88 7,88 7,81 7,81 7,195 26,195 26,195 26,195 26,196 26,194 26,194 26,179 26,179 26,215 26,257 5
1 26,1 26,13 26,13 26,14 26,14 26,15 4,16 4,90 26,90 26,90 26,34 0,107 1,61 4,61 4,61 4,133 1,133 2,133 3,119 1,119 1,120 26,195 26,197 26,173 26,173 26,180 26,180 26,216 26,242 1
1 26,1 26,11 26,11 26,84 12,84 12,84 12,78 12,78 12,78 12,75 3,75 3,75 3,36 1,72 3,72 3,72 26,72 26,63 3,63 3,195 26,195 26,195 26,199 26,160 26,160 26,181 26,181 26,218 26,252 15
1 26,1 26,10 26,10 26,66 26,66 26,66 26,101 2,101 2,101 2,96 1,96 1,96 1,35 15,93 1,93 1,93 1,68 2,68 2,195 26,195 26,195 26,195 26,198 26,176 24,176 24,183 26,183 26,217 26,232 5
1 26,1 26,69 26,69 26,118 26,118 26,120 13,120 17,141 17,141 17,59 13,59 13,39 13,39 13,110 17,110 17,154 17,154 17,151 13,154 13,99 13,4 26,4 26,4 26,123 26,125 26,174 26,130 26,205 26,211 26
101 14,101 14,102 18,102 18,50 14,50 14,50 18,50 18,4 26,4 26,4 26,4 26,93 17,93 17,93 17,65 17,65 17,65 17,170 26,170 26,159 26,159 26,160 26,182 26,153 26,153 26,141 26,141 26,213 6,247 3
30 24,30 24,31 24,31 24,32 24,32 24,33 15,34 15,35 15,36 15,37 1,37 1,38 1,39 15,39 15,39 15,40 15,40 15,42 26,42 26,42 26,42 26,192 24,151 24,195 26,195 26,160 26,160 26,202 12,207 15
133 1,133 1,133 2,133 3,108 0,108 0,109 0,109 0,138 26,138 26,140 24,140 24,159 26,159 26,131 24,131 24,170 24,170 24,136 0,136 0,160 26,160 26,195 26,195 26,129 26,129 26,130 26,130 26,203 14,204 0
162 26,162 26,163 26,164 12,64 26,64 26,64 26,64 26,110 4,110 4,110 4,47 4,47 4,47 4,47 4,152 12,152 12,100 26,100 26,159 26,159 26,87 4,87 4,160 26,160 26,195 26,195 26,208 25,267 12,262 3
39 11,39 11,31 11,31 11,32 11,32 11,43 1,37 1,37 1,37 1,192 1,192 1,151 1,118 26,118 26,118 26,118 26,130 26,130 26,194 26,194 26,168 26,195 26,195 26,195 26,173 26,174 26,165 26,211 26,202 12
21 26,21 26,22 26,22 26,27 11,27 11,27 11,28 3,28 3,28 3,99 11,99 11,99 11,100 3,100 3,138 3,159 26,26 26,26 26,18 26,18 26,179 26,179 26,158 26,195 26,195 26,195 26,195 26,205 26,257 5
44 17,44 17,47 4,47 4,47 4,47 4,48 17,48 17,48 17,48 17,141 17,141 17,173 17,174 17,175 17,120 4,120 4,118 26,118 26,138 26,138 26,4 26,4 26,183 26,64 26,64 26,159 26,159 26,213 6,222 6
203 14,203 14,203 14,203 14,208 25,208 25,208 25,208 25,208 25,208 25,184 18,184 18,184 18,184 18,160 26,160 26,160 26,160 26,174 26,174 26,174 26,174 26,174 26,174 26,168 26,158 26,211 26,211 26,211 26,211 26
108 26,108 26,108 26,109 26,109 26,109 26,172 26,172 26,128 22,128 22,128 22,128 22,159 26,159 26,159 26,140 22,140 22,140 22,165 26,165 26,202 12,204 0,204 0,204 0,204 0,213 6,213 6,213 6,211 26,211 26
17 26,17 26,26 26,26 26,29 6,29 6,29 6,29 6,100 26,100 26,100 26,100 26,100 26,100 26,100 26,100 26,100 26,100 26,143 26,143 26,143 26,144 26,144 26,144 26,181 26,181 26,181 26,211 26,211 26,211 26
37 17,37 17,37 17,37 17,37 17,37 17,37 17,37 17,43 17,43 17,43 17,43 17,151 17,151 17,129 26,129 26,129 26,130 26,130 26,130 26,137 17,137 17,157 17,157 17,168 26,183 26,183 26,211 26,211 26,211 26
114 24,114 24,114 24,17 26,17 26,17 26,18 26,18 26,18 26,19 26,19 26,19 26,26 26,26 26,26 26,26 26,117 24,117 24,117 24,174 26,174 26,174 26,179 26,179 26,179 26,179 26,179 26,179 26,211 26,211 26
24 26,24 26,24 26,24 26,28 18,29 2,116 18,116 18,81 2,81 2,81 2,88 2,88 2,88 2,137 2,126 26,126 26,158 26,173 26,173 26,174 26,176 18,179 26,179 26,196 26,196 26,273 18,273 18,273 18,273 18
6 26,6 26,63 6,63 6,74 16,74 16,74 16,148 6,148 6,148 6,85 26,85 26,109 16,109 16,57 16,57 16,141 26,141 26,141 26,141 26,142 16,142 16,181 26,181 26,199 26,199 26,218 6,218 6,276 6,276 6
24 26,24 26,24 26,92 2,92 2,92 3,92 3,107 2,107 2,107 2,83 3,83 3,133 1,133 2,133 3,119 26,119 26,120 2,120 2,138 3,138 3,173 26,173 26,174 26,197 26,197 26,216 2,216 2,274 3,274 3
68 19,68 19,96 19,96 19,96 19,148 6,148 6,93 19,93 19,102 6,102 6,102 6,153 26,153 26,130 26,130 26,170 6,170 6,126 26,159 26,180 26,180 26,198 26,198 26,217 26,217 26,275 19,275 19,213 6,213 6
36 15,36 15,71 15,71 15,65 20,65 20,78 26,78 26,78 26,78 26,79 20,79 20,80 20,80 20,156 20,118 26,118 26,144 26,144 26,144 26,123 26,123 26,195 26,195 26,195 26,205 26,206 26,252 15,252 15,253 15
37 1,43 1,43 1,151 1,151 1,151 1,151 1,152 12,152 12,152 12,152 12,153 26,153 26,153 26,153 26,99 10,99 11,99 12,157 26,194 26,194 26,194 26,168 26,191 12,191 12,211 26,211 26,277 10,278 10,279 10
4 26,4 26,4 26,37 5,38 5,58 5,58 5,58 5,58 5,59 5,59 5,59 5,59 5,60 5,60 5,60 5,60 5,148 5,148 5,148 5,148 5,141 26,141 26,171 26,159 26,180 26,211 26,232 5,233 5,234 5
203 14,212 17,61 18,61 18,87 18,87 18,87 18,134 18,134 18,135 18,135 18,177 18,61 19,61 19,65 19,65 19,65 19,80 19,80 19,208 25,90 26,90 26,90 26,133 26,133 26,143 26,144 26,182 26,182 26,205 26
51 2,51 2,51 2,65 2,65 2,65 2,65 2,251 3,6 26,6 26,6 26,6 26,42 26,42 26,42 26,42 26,100 26,100 26,100 26,100 26,100 26,100 26,143 26,144 26,182 26,182 26,195 26,195 26,211 26,205 26
133 26,133 26,133 26,133 26,134 6,134 6,134 6,134 6,135 6,135 6,135 6,135 6,137 6,137 6,137 6,137 6,130 26,130 26,130 26,130 26,129 26,129 26,129 26,129 26,75 25,75 25,75 25,75 25,43 6,212 17
1 0,1 1,1 26,2 7,2 26,2 9,47 3,47 4,47 5,108 0,109 0,204 0,39 15,207 15,40 15,178 26,128 17,219 17,132 26,169 26,281 10,33 13,34 13,35 13,36 13,43 1,37 1,38 1,227 1,211 26
104 2,104 2,104 2,104 2,105 2,105 2,105 2,105 2,106 2,106 2,106 2,106 2,118 26,118 26,118 26,118 26,173 26,174 26,175 17,203 14,201 3,128 17,128 17,125 26,125 26,191 2,191 2,153 26,152 2,151 17
45 6,45 6,45 6,46 4,46 4,46 4,113 4,113 4,47 1,47 1,47 1,47 1,48 18,48 18,48 18,48 18,49 6,49 6,49 6,49 6,53 6,53 6,53 6,118 26,118 26,222 6,223 6,224 6,225 6,226 6
53 25,53 25,53 25,53 25,115 25,115 25,115 25,115 25,39 15,39 15,39 15,39 15,40 15,40 15,40 15,40 15,100 0,100 0,100 0,100 0,129 26,129 26,129 26,129 26,138 26,211 26,227 1,238 1,221 17,265 3
114 0,37 1,68 2,63 3,149 4,234 5,135 6,152 7,83 8,88 9,70 10,65 11,113 12,39 13,48 14,91 15,153 16,221 17,119 18,126 19,156 20,15 21,23 22,158 24,208 25,196 26,197 26,198 26,199 26,211 26
191 12,191 12,191 12,191 12,191 12,202 12,202 12,202 12,202 12,202 12,202 12,202 12,202 12,202 12,202 12,202 12,202 12,202 12,202 12,202 12,202 12,202 12,202 12,202 12,202 12,202 12,202 12,202 12,202 12,202 12
162 26,162 26,162 26,163 26,163 26,163 26,164 2,164 2,164 2,24 26,24 26,24 26,24 26,81 2,81 2,81 2,82 1,82 1,82 1,83 3,83 3,83 3,107 2,120 26,120 26,120 26,209 18,210 22,273 18,274 3
72 26,72 26,72 26,72 26,73 5,73 5,73 5,73 5,74 5,74 5,74 5,74 5,78 6,78 6,79 6,79 6,80 7,80 7,84 26,84 26,85 4,85 4,86 25,86 25,199 26,199 26,181 26,181 26,252 15,253 15
173 26,173 26,173 26,173 26,173 26,173 26,173 26,173 26,173 26,173 26,208 25,208 25,208 25,208 25,208 25,208 25,208 25,208 25,208 25,208 25,208 25,208 25,208 25,208 25,208 25,208 25,208 25,208 25,208 25,208 25
20 26,20 26,20 26,20 26,21 26,21 26,21 26,21 26,22 26,22 26,22 26,22 26,23 13,23 13,23 13,23 13,27 13,27 13,28 10,28 10,29 11,29 11,99 10,99 10,99 10,99 10,100 11,100 11,100 11,100 11
37 1,38 1,43 1,47 1,47 1,47 1,111 1,103 1,151 1,163 1,229 1,241 1,259 5,49 6,49 6,82 6,82 6,48 14,48 14,48 14,156 14,156 14,156 14,128 14,299 24,160 26,160 26,200 26,211 26,206 26
291 1,213 6,95 8,95 8,87 8,87 8,57 8,57 8,88 9,88 9,154 9,154 9,103 9,142 9,128 14,139 14,203 14,209 18,89 24,151 24,131 24,131 24,299 24,130 26,130 26,141 26,141 26,141 26,141 26,172 26
173 17,174 17,175 17,178 17,128 17,221 17,212 17,130 17,130 17,48 17,48 17,131 17,62 17,62 17,40 17,40 17,160 17,163 17,92 17,92 17,151 17,120 17,120 17,120 17,116 17,116 17,154 17,154 17,97 17,97 17