00000001000011000110000000000000100001100010000000
00000111100111000100000000000011110001100010000000
00000000100111000100000000000000010001100010000000
00110001100011011110000000011000110001100111000000
01110011100111000100001000111001110011100010000000
00000010100111000000000000000000010011100000000000
00000000100111001110000000000000010001100111000000
00000001000110001100000000000000000011000110000000
00000000000111001111000000000000000011100111000000
00000001000010000000000000000000000001000000000000
00000010000100001111000000000001000010000111000000
00000001001111000100000000000000100111100000000000
01110001000110000100000000111000100001000010000000
00000000000011000100000000000000000001000010000000
00000001000110000100000000000000100011000000000000
00110001000010000100000000010000100001000010000000
00000011000111000000000000000001100011000000000000
00000001100111000000000000000000110001100000000000
00000011000111000110000000000001100011100001000000
00000010100101001110000000000001000010100111000000
00000001100010000000000000000000100001000000000000
01110001000010000100001000011000100001000010000100
00000011000111001110000000000001100001100111000000
01100001000110001100000000110000100001000110000000
00000001100110000000000000000000110011000000000000
00000011100011000000000000000001110001100000000000
00000011100111000000000000000001110011100000000000
00000000001111110111000000000000000111111011100000
00000000000111000000000000000000000001000000000000
00000011000010000000000000000000000001000000000000
00000000000010000000000000000000000001000000000000
00000000000010000000000000000000000001000010000000
01000010000100001111000000100001000010000111000000
00000000000111000000000000000000000001100000000000
00000001000111001100000000000000100011100000000000
00000011100010001111000000000000100001000011000000
00000011100111001110000000000001010010100111000000
00000011000111000010000000000001100001100000000000
00000011000111101100000000000000100001100010000000
01000010000111000010000100000000000011110000000000
00000011100111001110000000000000000010100111000000
00110011001100001100001100000000100011000010000000
00100001001111100100001000000000000011100010000100
00000001000111001110000000000000100011000011000000
00100011101111101110001000000000010001100110000000
10000111111111100001000000000000000011110000000000
00100011100111001110001000000000100001000111000000
00000011100101001010000000000000000011100000000000
00000010101111101010000000000001000011100000000000
00000000110111011000000000000000110011000000000000
00010011100101001000000000000001110010100000000000
00000010100111000110000000000000000011100001000000
00100111110111001110011100000000100011100010000000
00000011110110001111000000000001000011000110000000
00000001001111100100000000000000100011100000000000
00000001000110000000000000000000000001000000000000
00000001100111000100000000000000110001100000000000
00000001100111001110000000000000000001100011000000
00000010100111000010000000000000000011000010000000
00000011000010001110000000000000100001000010000000
11100001100110011110000000110000100001000110000000
11100001100110000110111000000000110001000011000000
00000011100111001110000000000000110011000110000000
00000010000111000110000000000000000011000010000000
00000010100111001010000000000000100001100010000000
01010111111111101110001000000001110001000010000000
01110000100011000100001000000000010001100010000000
00000011100110001100000000000000110001000010000000
00000011000011001100000000000000110011100000000000
00000001100111000100000000000000100011100100000000
01110001000111001110000000000000000011100111000000
00000111100101000010000000000000000011100001000000
00000000000111100000000000000000100001100001000000
01110011000111000110011100000000110001000110000000
00000110110111011011000000000000100011100010000000
00010010100101001010010000000001100001100000000000
00001000110011101111111110000000010001100110000000
00000011000111000110000000000000110001000010000100
00000011100111001110000000000000110001100000000000
00000110000110001110000100000000100001100000000000
00000011100000000100000000000000000001000010000000
00000001100111001000000000000000010001100010000000
00000011000110000000000000000000000011100010000000
00000011000110001100000000000000110000100011000000
00100011000010000100011100000000000001000000000000
01110000100111001000011100000000100011000100000000
01010010100111000010000100000001100011100000000000
00000010100111001110010100000001110011100000000000
00000001101111101100000000010000100001000110000000
00000001000110000110001000000000000001100010000000
00000011100101000000000000000000000011100010000000
00000011100001000110000000000000000011000011000000
00000010100101001110000000000000100001000111000000