2
5
10
6
12
30
40
55
80
2
3
4
10
5
10
15
5
10
15
1
8
22
43
50
64
80
35
50
80
9
17
21
44
53
79
70
36
100
78
118
60
50
36
6
10
24
12
24
40
10
30
44
9
16
8
28
35
10
22
30
90
115
132
8
14
6
15
25
28
45
80
30
46
89
78
200
100
70
90
100
70
90
100
16
28
46
40
60
55
20
40
60
13
40
58
69
85
105
70
110
82
100
130
30
62
99
40
30
50
44
66
90
130
148
135
150
65
1
1
9
1
5
10
15
30
60
90
120
2
20
28
30
15
39
65
57
117
10
56
88
4
90
7
8
10
40
70
82
100
123
40
60
48
36
52
70
30
90
10
34
130
28
47
62
125
100
100
80
60
32
64
96
2
32
62
120
98
60
72
50
20
38
45
180
100
100
100
100
100
111
79
92
88
31
20
43
40
52
50
80
150
170
162
180
130
130
143
189
120
134
100
170
180
162
90
88
94
98
50
80
110
60
90
120
150
300
100
130
160
190
300
50
80
110
140
300
60
90
120
150
300
70
100
130
160
300
80
110
140
170
300
90
120
150
180
300
100
130
160
190
300
110
140
170
200
300
60
90
120
150
300
300
100
100
100
100
80
110
140
170
300
100
130
160
190
300
100
130
160
190
300
120
150
180
210
300
130
160
190
210
300
300
300
300
500
400
400
300
400
500
400
500
