2
4
8
5
10
20
25
40
65
1
2
2
10
5
10
10
3
6
6
1
6
12
16
50
50
60
30
40
60
6
15
15
35
45
50
55
30
100
50
75
30
30
25
5
10
20
10
20
35
5
15
30
10
12
10
25
40
6
14
25
75
90
110
7
10
6
14
20
25
40
65
25
35
50
70
70
50
40
60
75
50
75
100
12
20
32
50
50
50
15
30
55
10
35
75
45
70
95
70
100
60
75
110
30
55
100
40
30
50
75
100
130
130
130
70
125
55
1
1
5
1
3
5
10
20
50
75
100
4
20
20
25
25
40
75
70
100
10
50
70
5
90
5
5
10
35
65
60
85
100
50
50
35
40
60
70
30
75
10
50
80
20
30
50
100
50
50
65
25
35
60
95
5
40
100
80
65
50
65
65
50
50
75
175
50
50
50
50
50
65
75
100
55
45
20
50
50
50
50
75
150
125
150
125
100
150
125
200
100
100
100
140
90
90
110
110
130
130
50
80
110
60
90
120
150
200
100
130
160
190
250
50
80
110
140
220
60
90
120
150
250
70
100
130
160
275
80
110
140
170
225
90
120
150
180
300
100
130
160
190
250
110
140
170
200
225
60
90
120
150
200
300
150
150
175
175
80
110
140
170
250
100
130
160
190
250
100
130
160
190
225
120
150
180
210
275
130
160
190
210
275
250
350
350
300
300
300
225
300
325
300
450
